2951
3297
4086
2524
2522
2720
3576
2394
3448
2394
3576
2394
2773
1315
2739
1210
1010
2058
2058
4273
431
862
3047
4507
137
137
618
618
2218
3062
3062
2333
2333
3878
3889
3920
3961
4029
2382
2872
2872
2990
3149
3178
3350
3624
4576
2431
1339
299
299
299
1883
2471
2471
4175
147
504
547
2051
2484
2588
3225
4127
177
253
927
1663
3126
3476
4242
4293
588
737
1290
1772
2903
3030
3498
3616
3711
1803
904
147
1780
2556
4372
3639
49
1662
3723
320
370
615
615
1634
3181
3181
4148
25
889
1307
1646
2782
2842
3412
3974
3974
4400
661
1878
2100
2317
2863
3112
3159
3730
4238
1897
1307
450
3515
411
411
826
2979
3470
3470
42
51
1751
3000
200
1206
1886
2937
3970
4302
1777
2019
2500
2942
3031
3801
3941
4121
4268
4268
4323
4323
4393
4490
4656
1811
2345
2862
1154
3432
3515
2437
807
457
1110
2583
4398
372
1497
2258
2350
2801
4413
4554
4686
1367
372
372
372
924
4184
516
603
716
3887
664
1771
4087
1163
173
716
1710
1744
1814
2244
3933
4705
485
1251
2153
3914
4170
1332
1771
2867
3101
4701
55
1710
3995
119
1953
716
3995
173
673
1710
1771
2914
3973
4705
641
3094
3704
791
791
4334
386
4149
4267
4333
4488
2443
4695
175
175
511
1594
2880
2880
3250
4510
4510
2040
2040
2340
103
760
3187
232
1651
2007
847
1733
2205
2490
2679
1847
3024
4249
2850
3877
1651
15
463
876
12
1
490
3098
1156
3603
2424
1
140
828
3007
3548
2424
377
784
996
3392
236
1156
2552
3603
4569
3246
3246
385
451
1925
2924
2960
458
421
941
1758
1758
2159
2543
3712
111
122
2013
2121
2259
3386
70
545
1365
2613
3452
1983
941
1217
1758
1758
1762
2221
2259
4088
435
70
1213
4001
4001
93
860
1723
1940
2852
3215
4625
